29.914432,20.3003,55.084309
29.914432,40.384287,57.566094
29.914432,60.468275,67.023979
29.914432,80.552262,80.682337
29.914432,100.63625,72.300038
29.914432,120.720237,66.756476
29.914432,140.804225,76.312664
29.914432,160.888212,67.532673
29.914432,180.9722,48.057939
29.914432,201.056187,52.669952
29.914432,221.140175,67.574085
29.914432,241.224163,67.690506
29.914432,261.30815,59.289847
29.914432,281.392138,49.282734
29.914432,301.476125,40.195875
29.914432,321.560113,41.320824
29.914432,341.6441,60.229129
29.914432,361.728088,73.06582
29.914432,381.812075,77.996916
29.914432,401.896063,77.772481
29.914432,421.98005,81.665375
29.914432,442.064038,80.226948
29.914432,462.148025,93.68568
29.914432,482.232013,108.92766
29.914432,502.316001,104.89058
29.914432,522.399988,103.675784
29.914432,542.483976,101.355068
29.914432,562.567963,100.753623
29.914432,582.651951,111.502092
29.914432,602.735938,116.765402
29.914432,622.819926,121.757527
29.914432,642.903913,127.05535
29.914432,662.987901,131.546614
29.914432,683.071888,138.835837
29.914432,703.155876,135.955466
29.914432,723.239863,134.614823
29.914432,743.323851,131.468049
29.914432,763.407839,129.982042
29.914432,783.491826,131.471257
29.914432,803.575814,123.149635
29.914432,823.659801,130.704258
29.914432,843.743789,143.659986
29.914432,863.827776,136.775747
29.914432,883.911764,121.41191
29.914432,903.995751,113.433067
29.914432,924.079739,128.69385
29.914432,944.163726,144.25201
29.914432,964.247714,151.461898
29.914432,984.331702,152.793062
50.225379,20.3003,60.195404
50.225379,40.384287,59.86222
50.225379,60.468275,71.079961
50.225379,80.552262,82.738889
50.225379,100.63625,82.602705
50.225379,120.720237,82.606824
50.225379,140.804225,79.111954
50.225379,160.888212,63.330227
50.225379,180.9722,57.077995
50.225379,201.056187,54.143028
50.225379,221.140175,60.612692
50.225379,241.224163,72.760841
50.225379,261.30815,67.004186
50.225379,281.392138,59.482576
50.225379,301.476125,46.848347
50.225379,321.560113,45.04804
50.225379,341.6441,55.539662
50.225379,361.728088,62.634087
50.225379,381.812075,66.755995
50.225379,401.896063,62.836413
50.225379,421.98005,64.244108
50.225379,442.064038,72.042437
50.225379,462.148025,84.898621
50.225379,482.232013,101.557673
50.225379,502.316001,109.334474
50.225379,522.399988,109.853195
50.225379,542.483976,116.479466
50.225379,562.567963,112.535795
50.225379,582.651951,114.438559
50.225379,602.735938,126.386754
50.225379,622.819926,131.46454
50.225379,642.903913,139.892519
50.225379,662.987901,146.081948
50.225379,683.071888,142.389502
50.225379,703.155876,139.598028
50.225379,723.239863,136.319311
50.225379,743.323851,135.502765
50.225379,763.407839,136.185744
50.225379,783.491826,139.168258
50.225379,803.575814,137.683248
50.225379,823.659801,139.754669
50.225379,843.743789,143.71099
50.225379,863.827776,137.419067
50.225379,883.911764,123.791075
50.225379,903.995751,120.900899
50.225379,924.079739,147.86711
50.225379,944.163726,163.148446
50.225379,964.247714,153.369635
50.225379,984.331702,143.280962
70.536326,20.3003,68.391199
70.536326,40.384287,61.431752
70.536326,60.468275,64.535538
70.536326,80.552262,74.55083
70.536326,100.63625,82.935791
70.536326,120.720237,84.927875
70.536326,140.804225,74.831245
70.536326,160.888212,71.862433
70.536326,180.9722,72.246968
70.536326,201.056187,63.49317
70.536326,221.140175,59.215995
70.536326,241.224163,67.16189
70.536326,261.30815,68.655107
70.536326,281.392138,55.702372
70.536326,301.476125,44.960219
70.536326,321.560113,38.534013
70.536326,341.6441,44.074072
70.536326,361.728088,56.097884
70.536326,381.812075,58.441031
70.536326,401.896063,56.195986
70.536326,421.98005,62.869952
70.536326,442.064038,76.953174
70.536326,462.148025,88.278081
70.536326,482.232013,95.254806
70.536326,502.316001,94.93708
70.536326,522.399988,97.381721
70.536326,542.483976,105.504846
70.536326,562.567963,111.760579
70.536326,582.651951,115.641389
70.536326,602.735938,125.738907
70.536326,622.819926,137.246013
70.536326,642.903913,140.847888
70.536326,662.987901,142.831793
70.536326,683.071888,145.086858
70.536326,703.155876,144.18504
70.536326,723.239863,144.390293
70.536326,743.323851,149.440663
70.536326,763.407839,151.213186
70.536326,783.491826,149.683043
70.536326,803.575814,146.568079
70.536326,823.659801,146.626292
70.536326,843.743789,148.025506
70.536326,863.827776,141.044208
70.536326,883.911764,126.238018
70.536326,903.995751,122.335494
70.536326,924.079739,144.390517
70.536326,944.163726,163.41618
70.536326,964.247714,153.66311
70.536326,984.331702,140.572953
90.847273,20.3003,72.064418
90.847273,40.384287,69.711186
90.847273,60.468275,67.743601
90.847273,80.552262,73.780383
90.847273,100.63625,78.024757
90.847273,120.720237,87.156717
90.847273,140.804225,86.822604
90.847273,160.888212,87.763712
90.847273,180.9722,80.115229
90.847273,201.056187,62.820195
90.847273,221.140175,64.810123
90.847273,241.224163,76.390771
90.847273,261.30815,69.406489
90.847273,281.392138,53.540939
90.847273,301.476125,52.577882
90.847273,321.560113,56.733217
90.847273,341.6441,48.399082
90.847273,361.728088,44.394958
90.847273,381.812075,51.158729
90.847273,401.896063,56.815123
90.847273,421.98005,59.158072
90.847273,442.064038,73.739215
90.847273,462.148025,83.5636
90.847273,482.232013,82.975124
90.847273,502.316001,81.245078
90.847273,522.399988,85.703924
90.847273,542.483976,92.123018
90.847273,562.567963,102.456935
90.847273,582.651951,117.834442
90.847273,602.735938,126.98936
90.847273,622.819926,129.192628
90.847273,642.903913,131.351329
90.847273,662.987901,136.309836
90.847273,683.071888,139.534569
90.847273,703.155876,140.958302
90.847273,723.239863,139.400643
90.847273,743.323851,143.719501
90.847273,763.407839,153.443042
90.847273,783.491826,157.310114
90.847273,803.575814,153.611682
90.847273,823.659801,145.247313
90.847273,843.743789,143.800274
90.847273,863.827776,138.601766
90.847273,883.911764,123.457386
90.847273,903.995751,124.594039
90.847273,924.079739,146.268651
90.847273,944.163726,167.241993
90.847273,964.247714,156.312252
90.847273,984.331702,142.135686
111.15822,20.3003,77.334249
111.15822,40.384287,76.452066
111.15822,60.468275,75.540493
111.15822,80.552262,78.325083
111.15822,100.63625,80.893433
111.15822,120.720237,86.700092
111.15822,140.804225,93.558957
111.15822,160.888212,98.604243
111.15822,180.9722,86.615016
111.15822,201.056187,75.623825
111.15822,221.140175,77.777204
111.15822,241.224163,82.825922
111.15822,261.30815,72.391393
111.15822,281.392138,57.114695
111.15822,301.476125,60.976499
111.15822,321.560113,62.584372
111.15822,341.6441,52.240029
111.15822,361.728088,47.737939
111.15822,381.812075,47.023505
111.15822,401.896063,49.419614
111.15822,421.98005,52.875372
111.15822,442.064038,65.407424
111.15822,462.148025,71.347644
111.15822,482.232013,73.807142
111.15822,502.316001,76.703313
111.15822,522.399988,71.716549
111.15822,542.483976,83.112271
111.15822,562.567963,94.842342
111.15822,582.651951,106.946911
111.15822,602.735938,122.383648
111.15822,622.819926,126.50467
111.15822,642.903913,125.633249
111.15822,662.987901,126.730247
111.15822,683.071888,131.800714
111.15822,703.155876,133.58347
111.15822,723.239863,138.877853
111.15822,743.323851,149.843099
111.15822,763.407839,152.950072
111.15822,783.491826,155.87464
111.15822,803.575814,158.240751
111.15822,823.659801,148.970742
111.15822,843.743789,140.004249
111.15822,863.827776,129.544466
111.15822,883.911764,123.718785
111.15822,903.995751,137.814818
111.15822,924.079739,164.857679
111.15822,944.163726,177.659887
111.15822,964.247714,157.145105
111.15822,984.331702,139.984552
131.469167,20.3003,72.196105
131.469167,40.384287,75.810371
131.469167,60.468275,81.572888
131.469167,80.552262,85.372137
131.469167,100.63625,87.133165
131.469167,120.720237,84.116936
131.469167,140.804225,84.610284
131.469167,160.888212,95.530749
131.469167,180.9722,95.565598
131.469167,201.056187,82.875864
131.469167,221.140175,89.053307
131.469167,241.224163,90.751604
131.469167,261.30815,75.699869
131.469167,281.392138,62.568757
131.469167,301.476125,67.192397
131.469167,321.560113,64.193304
131.469167,341.6441,52.855286
131.469167,361.728088,62.893061
131.469167,381.812075,66.848286
131.469167,401.896063,60.465276
131.469167,421.98005,56.824615
131.469167,442.064038,56.008605
131.469167,462.148025,58.868751
131.469167,482.232013,59.993812
131.469167,502.316001,66.223689
131.469167,522.399988,76.144296
131.469167,542.483976,78.892278
131.469167,562.567963,82.403859
131.469167,582.651951,101.251484
131.469167,602.735938,106.860681
131.469167,622.819926,107.509499
131.469167,642.903913,119.819246
131.469167,662.987901,118.014225
131.469167,683.071888,122.614521
131.469167,703.155876,134.570783
131.469167,723.239863,135.288465
131.469167,743.323851,140.6812
131.469167,763.407839,144.466387
131.469167,783.491826,151.932032
131.469167,803.575814,163.072417
131.469167,823.659801,164.798291
131.469167,843.743789,150.92698
131.469167,863.827776,126.986484
131.469167,883.911764,123.877677
131.469167,903.995751,140.766283
131.469167,924.079739,159.455429
131.469167,944.163726,175.45132
131.469167,964.247714,165.160884
131.469167,984.331702,149.689944
151.780114,20.3003,67.175887
151.780114,40.384287,72.757563
151.780114,60.468275,79.766137
151.780114,80.552262,83.555426
151.780114,100.63625,80.896687
151.780114,120.720237,76.080806
151.780114,140.804225,79.085888
151.780114,160.888212,86.684894
151.780114,180.9722,93.782042
151.780114,201.056187,94.525127
151.780114,221.140175,98.875955
151.780114,241.224163,90.921695
151.780114,261.30815,78.348002
151.780114,281.392138,70.004357
151.780114,301.476125,68.057971
151.780114,321.560113,61.908929
151.780114,341.6441,56.667564
151.780114,361.728088,71.989714
151.780114,381.812075,85.153727
151.780114,401.896063,80.279388
151.780114,421.98005,65.596255
151.780114,442.064038,62.405431
151.780114,462.148025,67.969095
151.780114,482.232013,62.429265
151.780114,502.316001,64.536404
151.780114,522.399988,79.948864
151.780114,542.483976,90.683085
151.780114,562.567963,95.623482
151.780114,582.651951,95.615918
151.780114,602.735938,99.870248
151.780114,622.819926,105.819022
151.780114,642.903913,107.026723
151.780114,662.987901,114.201364
151.780114,683.071888,131.071921
151.780114,703.155876,135.311301
151.780114,723.239863,132.395145
151.780114,743.323851,137.564186
151.780114,763.407839,152.175142
151.780114,783.491826,155.273547
151.780114,803.575814,152.657442
151.780114,823.659801,151.552015
151.780114,843.743789,142.049137
151.780114,863.827776,131.130549
151.780114,883.911764,126.407608
151.780114,903.995751,133.420153
151.780114,924.079739,136.719865
151.780114,944.163726,152.235471
151.780114,964.247714,165.67634
151.780114,984.331702,159.821872
172.091061,20.3003,64.126799
172.091061,40.384287,71.354944
172.091061,60.468275,75.79075
172.091061,80.552262,74.813817
172.091061,100.63625,70.179827
172.091061,120.720237,73.849901
172.091061,140.804225,77.772586
172.091061,160.888212,80.1615
172.091061,180.9722,91.033922
172.091061,201.056187,103.830478
172.091061,221.140175,100.173479
172.091061,241.224163,84.872228
172.091061,261.30815,73.598638
172.091061,281.392138,74.839877
172.091061,301.476125,77.785788
172.091061,321.560113,64.948186
172.091061,341.6441,62.070145
172.091061,361.728088,79.595108
172.091061,381.812075,94.322722
172.091061,401.896063,87.485244
172.091061,421.98005,76.254122
172.091061,442.064038,77.026479
172.091061,462.148025,78.34021
172.091061,482.232013,71.71743
172.091061,502.316001,67.049471
172.091061,522.399988,73.107391
172.091061,542.483976,87.073875
172.091061,562.567963,96.169463
172.091061,582.651951,105.345764
172.091061,602.735938,115.277147
172.091061,622.819926,122.624178
172.091061,642.903913,122.412567
172.091061,662.987901,117.638993
172.091061,683.071888,127.276377
172.091061,703.155876,129.397489
172.091061,723.239863,131.691342
172.091061,743.323851,141.072525
172.091061,763.407839,152.382572
172.091061,783.491826,152.920062
172.091061,803.575814,148.004636
172.091061,823.659801,144.133297
172.091061,843.743789,133.595788
172.091061,863.827776,128.4247
172.091061,883.911764,133.766075
172.091061,903.995751,132.951207
172.091061,924.079739,134.873456
172.091061,944.163726,146.407173
172.091061,964.247714,152.459163
172.091061,984.331702,157.835116
192.402008,20.3003,71.438123
192.402008,40.384287,69.263454
192.402008,60.468275,65.120037
192.402008,80.552262,63.71442
192.402008,100.63625,61.984616
192.402008,120.720237,66.997758
192.402008,140.804225,73.841653
192.402008,160.888212,81.786186
192.402008,180.9722,85.791492
192.402008,201.056187,97.814694
192.402008,221.140175,100.407577
192.402008,241.224163,85.983111
192.402008,261.30815,80.000315
192.402008,281.392138,88.562713
192.402008,301.476125,85.652435
192.402008,321.560113,69.363361
192.402008,341.6441,72.839825
192.402008,361.728088,86.391261
192.402008,381.812075,98.150556
192.402008,401.896063,87.104369
192.402008,421.98005,83.012966
192.402008,442.064038,85.18892
192.402008,462.148025,84.960896
192.402008,482.232013,86.686192
192.402008,502.316001,78.008611
192.402008,522.399988,74.052576
192.402008,542.483976,73.547215
192.402008,562.567963,81.969837
192.402008,582.651951,97.276187
192.402008,602.735938,110.27576
192.402008,622.819926,121.823135
192.402008,642.903913,126.694776
192.402008,662.987901,119.446128
192.402008,683.071888,121.446298
192.402008,703.155876,130.419499
192.402008,723.239863,133.833709
192.402008,743.323851,148.047165
192.402008,763.407839,160.636599
192.402008,783.491826,154.541536
192.402008,803.575814,140.524845
192.402008,823.659801,132.583648
192.402008,843.743789,128.412648
192.402008,863.827776,139.726052
192.402008,883.911764,156.546792
192.402008,903.995751,152.209783
192.402008,924.079739,140.755413
192.402008,944.163726,144.523546
192.402008,964.247714,152.312552
192.402008,984.331702,155.573487
212.712955,20.3003,68.806399
212.712955,40.384287,65.724502
212.712955,60.468275,60.199357
212.712955,80.552262,55.976482
212.712955,100.63625,65.147108
212.712955,120.720237,75.712067
212.712955,140.804225,77.506882
212.712955,160.888212,78.79249
212.712955,180.9722,85.568886
212.712955,201.056187,96.149312
212.712955,221.140175,93.671873
212.712955,241.224163,90.218984
212.712955,261.30815,88.671351
212.712955,281.392138,91.60847
212.712955,301.476125,90.551565
212.712955,321.560113,80.551798
212.712955,341.6441,86.20356
212.712955,361.728088,101.160885
212.712955,381.812075,108.266974
212.712955,401.896063,95.62503
212.712955,421.98005,101.381477
212.712955,442.064038,103.079391
212.712955,462.148025,94.802367
212.712955,482.232013,97.262569
212.712955,502.316001,89.278371
212.712955,522.399988,82.424914
212.712955,542.483976,86.168278
212.712955,562.567963,94.199303
212.712955,582.651951,92.136276
212.712955,602.735938,98.604539
212.712955,622.819926,119.485798
212.712955,642.903913,132.494177
212.712955,662.987901,131.678326
212.712955,683.071888,128.795908
212.712955,703.155876,133.299254
212.712955,723.239863,141.267197
212.712955,743.323851,147.812077
212.712955,763.407839,150.397809
212.712955,783.491826,148.667228
212.712955,803.575814,138.184353
212.712955,823.659801,130.382425
212.712955,843.743789,141.74897
212.712955,863.827776,160.279379
212.712955,883.911764,178.66737
212.712955,903.995751,170.091172
212.712955,924.079739,143.097624
212.712955,944.163726,138.582031
212.712955,964.247714,151.792246
212.712955,984.331702,156.619616
233.023902,20.3003,64.658213
233.023902,40.384287,63.010133
233.023902,60.468275,58.855415
233.023902,80.552262,61.446206
233.023902,100.63625,65.771857
233.023902,120.720237,64.547763
233.023902,140.804225,72.351033
233.023902,160.888212,83.232419
233.023902,180.9722,94.318378
233.023902,201.056187,90.489107
233.023902,221.140175,82.070381
233.023902,241.224163,88.769031
233.023902,261.30815,93.730498
233.023902,281.392138,89.615657
233.023902,301.476125,90.24745
233.023902,321.560113,96.364152
233.023902,341.6441,102.454271
233.023902,361.728088,104.746466
233.023902,381.812075,108.634734
233.023902,401.896063,111.829635
233.023902,421.98005,117.425764
233.023902,442.064038,109.863181
233.023902,462.148025,100.237729
233.023902,482.232013,102.133012
233.023902,502.316001,101.414687
233.023902,522.399988,89.257746
233.023902,542.483976,96.601382
233.023902,562.567963,108.383269
233.023902,582.651951,99.654716
233.023902,602.735938,99.959093
233.023902,622.819926,114.339906
233.023902,642.903913,126.769401
233.023902,662.987901,131.62006
233.023902,683.071888,139.69177
233.023902,703.155876,150.970593
233.023902,723.239863,148.829589
233.023902,743.323851,148.468064
233.023902,763.407839,150.437633
233.023902,783.491826,141.914962
233.023902,803.575814,131.235475
233.023902,823.659801,137.016091
233.023902,843.743789,151.102286
233.023902,863.827776,159.305623
233.023902,883.911764,165.930328
233.023902,903.995751,161.466304
233.023902,924.079739,149.796784
233.023902,944.163726,144.343613
233.023902,964.247714,143.240954
233.023902,984.331702,146.526541
253.334849,20.3003,59.044075
253.334849,40.384287,55.304606
253.334849,60.468275,55.965085
253.334849,80.552262,61.487952
253.334849,100.63625,68.822324
253.334849,120.720237,74.94394
253.334849,140.804225,79.452692
253.334849,160.888212,83.572444
253.334849,180.9722,92.354329
253.334849,201.056187,88.001014
253.334849,221.140175,77.157255
253.334849,241.224163,82.16401
253.334849,261.30815,95.166564
253.334849,281.392138,89.933564
253.334849,301.476125,84.373984
253.334849,321.560113,96.90848
253.334849,341.6441,104.776321
253.334849,361.728088,97.277088
253.334849,381.812075,96.130904
253.334849,401.896063,108.521387
253.334849,421.98005,115.766905
253.334849,442.064038,109.480309
253.334849,462.148025,108.685216
253.334849,482.232013,112.418512
253.334849,502.316001,116.099215
253.334849,522.399988,109.872318
253.334849,542.483976,109.559467
253.334849,562.567963,120.052894
253.334849,582.651951,110.702666
253.334849,602.735938,102.778284
253.334849,622.819926,112.566571
253.334849,642.903913,118.026604
253.334849,662.987901,126.724772
253.334849,683.071888,146.083781
253.334849,703.155876,156.394941
253.334849,723.239863,160.795231
253.334849,743.323851,159.665145
253.334849,763.407839,150.126224
253.334849,783.491826,139.339587
253.334849,803.575814,135.690023
253.334849,823.659801,149.476265
253.334849,843.743789,162.823004
253.334849,863.827776,172.250329
253.334849,883.911764,177.792142
253.334849,903.995751,174.223449
253.334849,924.079739,165.124757
253.334849,944.163726,149.76344
253.334849,964.247714,149.867431
253.334849,984.331702,156.211991
273.645796,20.3003,53.479058
273.645796,40.384287,51.404556
273.645796,60.468275,59.248443
273.645796,80.552262,69.588946
273.645796,100.63625,75.303607
273.645796,120.720237,79.547955
273.645796,140.804225,74.876955
273.645796,160.888212,73.605835
273.645796,180.9722,85.635586
273.645796,201.056187,83.945526
273.645796,221.140175,70.66333
273.645796,241.224163,75.754908
273.645796,261.30815,87.258083
273.645796,281.392138,80.393173
273.645796,301.476125,84.017959
273.645796,321.560113,97.76475
273.645796,341.6441,96.848241
273.645796,361.728088,91.122979
273.645796,381.812075,97.292805
273.645796,401.896063,104.295187
273.645796,421.98005,109.095418
273.645796,442.064038,115.24141
273.645796,462.148025,118.371405
273.645796,482.232013,122.505069
273.645796,502.316001,123.408124
273.645796,522.399988,116.812487
273.645796,542.483976,121.172799
273.645796,562.567963,125.040755
273.645796,582.651951,113.982607
273.645796,602.735938,109.808117
273.645796,622.819926,108.725455
273.645796,642.903913,111.381282
273.645796,662.987901,127.220472
273.645796,683.071888,141.440565
273.645796,703.155876,152.712877
273.645796,723.239863,163.997256
273.645796,743.323851,174.735911
273.645796,763.407839,160.62014
273.645796,783.491826,137.913253
273.645796,803.575814,144.146439
273.645796,823.659801,159.057867
273.645796,843.743789,160.579021
273.645796,863.827776,163.483664
273.645796,883.911764,166.049878
273.645796,903.995751,170.815098
273.645796,924.079739,173.627374
273.645796,944.163726,164.962554
273.645796,964.247714,165.791507
273.645796,984.331702,167.917898
293.956743,20.3003,59.003964
293.956743,40.384287,51.281805
293.956743,60.468275,55.117251
293.956743,80.552262,69.055669
293.956743,100.63625,78.032667
293.956743,120.720237,75.964897
293.956743,140.804225,66.484004
293.956743,160.888212,70.968874
293.956743,180.9722,81.560392
293.956743,201.056187,77.423596
293.956743,221.140175,66.672348
293.956743,241.224163,71.010291
293.956743,261.30815,84.373661
293.956743,281.392138,77.733745
293.956743,301.476125,76.920535
293.956743,321.560113,89.132297
293.956743,341.6441,84.874761
293.956743,361.728088,80.177544
293.956743,381.812075,89.069199
293.956743,401.896063,95.782894
293.956743,421.98005,103.375182
293.956743,442.064038,113.017055
293.956743,462.148025,119.979547
293.956743,482.232013,123.442137
293.956743,502.316001,124.344374
293.956743,522.399988,126.6008
293.956743,542.483976,128.54075
293.956743,562.567963,136.37205
293.956743,582.651951,126.690625
293.956743,602.735938,119.673445
293.956743,622.819926,123.927561
293.956743,642.903913,119.749377
293.956743,662.987901,121.734531
293.956743,683.071888,130.1553
293.956743,703.155876,145.375482
293.956743,723.239863,158.357606
293.956743,743.323851,175.520135
293.956743,763.407839,167.822041
293.956743,783.491826,149.815965
293.956743,803.575814,155.074497
293.956743,823.659801,156.216591
293.956743,843.743789,152.509117
293.956743,863.827776,156.052309
293.956743,883.911764,160.841232
293.956743,903.995751,161.187384
293.956743,924.079739,168.069042
293.956743,944.163726,174.352581
293.956743,964.247714,174.627108
293.956743,984.331702,174.843006
314.26769,20.3003,59.243517
314.26769,40.384287,50.20212
314.26769,60.468275,53.917402
314.26769,80.552262,60.3429
314.26769,100.63625,71.55434
314.26769,120.720237,70.483435
314.26769,140.804225,62.355219
314.26769,160.888212,70.148073
314.26769,180.9722,76.774161
314.26769,201.056187,72.186007
314.26769,221.140175,68.642417
314.26769,241.224163,76.838137
314.26769,261.30815,82.608769
314.26769,281.392138,69.051953
314.26769,301.476125,67.889435
314.26769,321.560113,80.678534
314.26769,341.6441,78.872882
314.26769,361.728088,78.691948
314.26769,381.812075,85.917491
314.26769,401.896063,91.992784
314.26769,421.98005,100.898734
314.26769,442.064038,108.173287
314.26769,462.148025,114.660788
314.26769,482.232013,121.12134
314.26769,502.316001,127.387146
314.26769,522.399988,135.917299
314.26769,542.483976,144.497123
314.26769,562.567963,140.049902
314.26769,582.651951,134.650919
314.26769,602.735938,136.212469
314.26769,622.819926,135.431838
314.26769,642.903913,138.054356
314.26769,662.987901,135.332345
314.26769,683.071888,130.015579
314.26769,703.155876,137.772489
314.26769,723.239863,152.160447
314.26769,743.323851,175.305467
314.26769,763.407839,174.51315
314.26769,783.491826,162.640702
314.26769,803.575814,161.809093
314.26769,823.659801,158.277361
314.26769,843.743789,159.862847
314.26769,863.827776,161.931207
314.26769,883.911764,162.049077
314.26769,903.995751,161.5527
314.26769,924.079739,165.120848
314.26769,944.163726,167.557956
314.26769,964.247714,168.368768
314.26769,984.331702,166.683555
334.578637,20.3003,61.505168
334.578637,40.384287,52.825292
334.578637,60.468275,54.39405
334.578637,80.552262,57.508226
334.578637,100.63625,59.962677
334.578637,120.720237,63.618508
334.578637,140.804225,63.899116
334.578637,160.888212,69.098655
334.578637,180.9722,72.181778
334.578637,201.056187,67.734805
334.578637,221.140175,64.383334
334.578637,241.224163,73.286969
334.578637,261.30815,71.377504
334.578637,281.392138,64.545162
334.578637,301.476125,70.665679
334.578637,321.560113,72.171499
334.578637,341.6441,78.017791
334.578637,361.728088,85.123756
334.578637,381.812075,91.396609
334.578637,401.896063,94.131354
334.578637,421.98005,94.589278
334.578637,442.064038,100.679632
334.578637,462.148025,110.224654
334.578637,482.232013,118.857089
334.578637,502.316001,127.043344
334.578637,522.399988,132.035873
334.578637,542.483976,136.037252
334.578637,562.567963,143.399577
334.578637,582.651951,150.016196
334.578637,602.735938,152.99046
334.578637,622.819926,152.209764
334.578637,642.903913,155.672221
334.578637,662.987901,158.785735
334.578637,683.071888,151.879273
334.578637,703.155876,145.327458
334.578637,723.239863,153.267858
334.578637,743.323851,174.91977
334.578637,763.407839,163.778024
334.578637,783.491826,150.387022
334.578637,803.575814,153.023962
334.578637,823.659801,164.625326
334.578637,843.743789,183.552905
334.578637,863.827776,181.512579
334.578637,883.911764,169.374093
334.578637,903.995751,168.165815
334.578637,924.079739,171.527258
334.578637,944.163726,169.737197
334.578637,964.247714,167.892274
334.578637,984.331702,158.077513
354.889584,20.3003,58.135516
354.889584,40.384287,52.250569
354.889584,60.468275,50.641424
354.889584,80.552262,49.938868
354.889584,100.63625,52.075458
354.889584,120.720237,55.400688
354.889584,140.804225,59.33101
354.889584,160.888212,63.69014
354.889584,180.9722,64.211547
354.889584,201.056187,62.619209
354.889584,221.140175,66.895531
354.889584,241.224163,72.269234
354.889584,261.30815,67.130794
354.889584,281.392138,74.413819
354.889584,301.476125,85.852775
354.889584,321.560113,85.227478
354.889584,341.6441,89.130359
354.889584,361.728088,95.229419
354.889584,381.812075,97.10649
354.889584,401.896063,100.470598
354.889584,421.98005,104.508101
354.889584,442.064038,109.017881
354.889584,462.148025,113.913216
354.889584,482.232013,122.583182
354.889584,502.316001,129.018455
354.889584,522.399988,133.477948
354.889584,542.483976,136.796375
354.889584,562.567963,136.196146
354.889584,582.651951,144.543025
354.889584,602.735938,150.484414
354.889584,622.819926,160.163233
354.889584,642.903913,177.037978
354.889584,662.987901,179.531749
354.889584,683.071888,175.008737
354.889584,703.155876,169.942754
354.889584,723.239863,175.25407
354.889584,743.323851,176.218317
354.889584,763.407839,151.69947
354.889584,783.491826,139.432651
354.889584,803.575814,143.861208
354.889584,823.659801,159.828169
354.889584,843.743789,173.623268
354.889584,863.827776,159.400185
354.889584,883.911764,144.870882
354.889584,903.995751,147.934889
354.889584,924.079739,157.438554
354.889584,944.163726,162.900407
354.889584,964.247714,154.743617
354.889584,984.331702,150.07075
375.200531,20.3003,52.031185
375.200531,40.384287,46.889873
375.200531,60.468275,49.384921
375.200531,80.552262,52.166278
375.200531,100.63625,52.62183
375.200531,120.720237,53.763826
375.200531,140.804225,54.803999
375.200531,160.888212,54.744333
375.200531,180.9722,56.866722
375.200531,201.056187,58.069472
375.200531,221.140175,67.485019
375.200531,241.224163,66.710359
375.200531,261.30815,63.955788
375.200531,281.392138,79.659816
375.200531,301.476125,91.636929
375.200531,321.560113,89.861714
375.200531,341.6441,86.188042
375.200531,361.728088,97.141699
375.200531,381.812075,106.510555
375.200531,401.896063,107.997138
375.200531,421.98005,110.345866
375.200531,442.064038,117.361458
375.200531,462.148025,119.822061
375.200531,482.232013,120.690185
375.200531,502.316001,126.758464
375.200531,522.399988,129.69984
375.200531,542.483976,135.1843
375.200531,562.567963,135.802292
375.200531,582.651951,140.913565
375.200531,602.735938,150.274766
375.200531,622.819926,158.959511
375.200531,642.903913,180.041314
375.200531,662.987901,171.296464
375.200531,683.071888,160.124169
375.200531,703.155876,162.827966
375.200531,723.239863,170.731265
375.200531,743.323851,169.041638
375.200531,763.407839,142.217452
375.200531,783.491826,129.734321
375.200531,803.575814,141.991756
375.200531,823.659801,159.648031
375.200531,843.743789,164.801135
375.200531,863.827776,146.233742
375.200531,883.911764,132.603642
375.200531,903.995751,138.95095
375.200531,924.079739,144.806234
375.200531,944.163726,152.378858
375.200531,964.247714,149.903004
375.200531,984.331702,143.980732
395.511478,20.3003,48.132483
395.511478,40.384287,47.728767
395.511478,60.468275,55.673893
395.511478,80.552262,61.615734
395.511478,100.63625,63.2023
395.511478,120.720237,62.505217
395.511478,140.804225,58.510951
395.511478,160.888212,57.088393
395.511478,180.9722,61.082177
395.511478,201.056187,59.727711
395.511478,221.140175,57.732418
395.511478,241.224163,62.74242
395.511478,261.30815,66.875837
395.511478,281.392138,69.353469
395.511478,301.476125,77.683741
395.511478,321.560113,79.089756
395.511478,341.6441,79.612547
395.511478,361.728088,90.423103
395.511478,381.812075,99.42368
395.511478,401.896063,100.505668
395.511478,421.98005,105.904362
395.511478,442.064038,110.900551
395.511478,462.148025,111.309631
395.511478,482.232013,114.720189
395.511478,502.316001,118.427967
395.511478,522.399988,118.99151
395.511478,542.483976,125.898388
395.511478,562.567963,132.210641
395.511478,582.651951,136.496661
395.511478,602.735938,147.05133
395.511478,622.819926,155.102896
395.511478,642.903913,175.010967
395.511478,662.987901,164.172043
395.511478,683.071888,144.94709
395.511478,703.155876,147.32495
395.511478,723.239863,160.760311
395.511478,743.323851,160.100371
395.511478,763.407839,135.360287
395.511478,783.491826,126.929143
395.511478,803.575814,145.141948
395.511478,823.659801,152.022694
395.511478,843.743789,142.890751
395.511478,863.827776,130.304791
395.511478,883.911764,125.734758
395.511478,903.995751,132.96357
395.511478,924.079739,138.051103
395.511478,944.163726,145.673056
395.511478,964.247714,154.582838
395.511478,984.331702,150.72203
415.822425,20.3003,43.279322
415.822425,40.384287,43.979643
415.822425,60.468275,56.353345
415.822425,80.552262,66.923324
415.822425,100.63625,72.631011
415.822425,120.720237,74.048321
415.822425,140.804225,67.82053
415.822425,160.888212,65.800279
415.822425,180.9722,68.174979
415.822425,201.056187,64.713686
415.822425,221.140175,63.083425
415.822425,241.224163,72.864425
415.822425,261.30815,71.446916
415.822425,281.392138,63.911771
415.822425,301.476125,67.932299
415.822425,321.560113,70.958827
415.822425,341.6441,74.62628
415.822425,361.728088,82.067885
415.822425,381.812075,85.064692
415.822425,401.896063,90.244074
415.822425,421.98005,98.472435
415.822425,442.064038,102.087549
415.822425,462.148025,105.210821
415.822425,482.232013,114.982237
415.822425,502.316001,118.939281
415.822425,522.399988,121.374036
415.822425,542.483976,126.850512
415.822425,562.567963,126.933902
415.822425,582.651951,134.271258
415.822425,602.735938,144.718704
415.822425,622.819926,151.708088
415.822425,642.903913,164.465636
415.822425,662.987901,163.575797
415.822425,683.071888,143.958033
415.822425,703.155876,139.509198
415.822425,723.239863,158.916382
415.822425,743.323851,162.219076
415.822425,763.407839,136.460209
415.822425,783.491826,128.125798
415.822425,803.575814,140.476235
415.822425,823.659801,140.977745
415.822425,843.743789,128.510491
415.822425,863.827776,120.122698
415.822425,883.911764,125.90637
415.822425,903.995751,134.179983
415.822425,924.079739,137.066268
415.822425,944.163726,144.001219
415.822425,964.247714,153.028624
415.822425,984.331702,148.541468
436.133372,20.3003,37.297958
436.133372,40.384287,47.147238
436.133372,60.468275,61.98697
436.133372,80.552262,71.381848
436.133372,100.63625,77.043742
436.133372,120.720237,75.277993
436.133372,140.804225,74.064457
436.133372,160.888212,75.48048
436.133372,180.9722,76.562142
436.133372,201.056187,72.329125
436.133372,221.140175,70.321667
436.133372,241.224163,82.01593
436.133372,261.30815,80.677594
436.133372,281.392138,72.610648
436.133372,301.476125,78.232916
436.133372,321.560113,76.440056
436.133372,341.6441,70.704374
436.133372,361.728088,74.865152
436.133372,381.812075,82.407647
436.133372,401.896063,87.42508
436.133372,421.98005,93.57801
436.133372,442.064038,103.726239
436.133372,462.148025,113.101191
436.133372,482.232013,122.012733
436.133372,502.316001,127.268244
436.133372,522.399988,131.441077
436.133372,542.483976,132.63036
436.133372,562.567963,134.73859
436.133372,582.651951,145.085326
436.133372,602.735938,163.674926
436.133372,622.819926,160.107255
436.133372,642.903913,155.68229
436.133372,662.987901,162.844134
436.133372,683.071888,146.619704
436.133372,703.155876,140.493772
436.133372,723.239863,161.344296
436.133372,743.323851,159.073153
436.133372,763.407839,129.335328
436.133372,783.491826,121.563989
436.133372,803.575814,136.004287
436.133372,823.659801,136.88184
436.133372,843.743789,121.783559
436.133372,863.827776,118.063535
436.133372,883.911764,128.974202
436.133372,903.995751,134.056054
436.133372,924.079739,139.44163
436.133372,944.163726,147.525248
436.133372,964.247714,144.237968
436.133372,984.331702,136.877857
456.444319,20.3003,36.492503
456.444319,40.384287,50.223826
456.444319,60.468275,63.132583
456.444319,80.552262,72.487309
456.444319,100.63625,68.593881
456.444319,120.720237,61.140685
456.444319,140.804225,67.030039
456.444319,160.888212,76.208589
456.444319,180.9722,79.737781
456.444319,201.056187,78.422302
456.444319,221.140175,79.983705
456.444319,241.224163,88.784139
456.444319,261.30815,88.433153
456.444319,281.392138,82.926857
456.444319,301.476125,83.820493
456.444319,321.560113,78.930533
456.444319,341.6441,77.247556
456.444319,361.728088,81.323885
456.444319,381.812075,87.168557
456.444319,401.896063,92.900912
456.444319,421.98005,99.123308
456.444319,442.064038,108.45506
456.444319,462.148025,117.547161
456.444319,482.232013,118.93683
456.444319,502.316001,125.841154
456.444319,522.399988,131.453336
456.444319,542.483976,135.44788
456.444319,562.567963,148.127786
456.444319,582.651951,163.293577
456.444319,602.735938,172.382225
456.444319,622.819926,158.624996
456.444319,642.903913,142.379129
456.444319,662.987901,144.353587
456.444319,683.071888,143.616864
456.444319,703.155876,142.446044
456.444319,723.239863,153.741143
456.444319,743.323851,150.351599
456.444319,763.407839,127.122462
456.444319,783.491826,125.188876
456.444319,803.575814,134.436715
456.444319,823.659801,132.756144
456.444319,843.743789,121.122191
456.444319,863.827776,119.115175
456.444319,883.911764,130.808121
456.444319,903.995751,133.419776
456.444319,924.079739,135.782158
456.444319,944.163726,137.382182
456.444319,964.247714,129.423194
456.444319,984.331702,123.68088
476.755266,20.3003,46.920656
476.755266,40.384287,59.182662
476.755266,60.468275,65.891212
476.755266,80.552262,70.246333
476.755266,100.63625,66.920359
476.755266,120.720237,52.549807
476.755266,140.804225,51.611792
476.755266,160.888212,61.280991
476.755266,180.9722,72.208224
476.755266,201.056187,79.305226
476.755266,221.140175,85.511094
476.755266,241.224163,89.753452
476.755266,261.30815,88.693148
476.755266,281.392138,86.906373
476.755266,301.476125,80.809651
476.755266,321.560113,70.845351
476.755266,341.6441,66.796598
476.755266,361.728088,60.506887
476.755266,381.812075,71.624019
476.755266,401.896063,85.161219
476.755266,421.98005,94.682031
476.755266,442.064038,108.745539
476.755266,462.148025,116.025401
476.755266,482.232013,119.701168
476.755266,502.316001,124.219843
476.755266,522.399988,129.00311
476.755266,542.483976,137.770912
476.755266,562.567963,148.099706
476.755266,582.651951,153.4609
476.755266,602.735938,151.604826
476.755266,622.819926,141.239224
476.755266,642.903913,128.650289
476.755266,662.987901,128.481586
476.755266,683.071888,135.165156
476.755266,703.155876,144.191758
476.755266,723.239863,158.769156
476.755266,743.323851,148.154369
476.755266,763.407839,121.761061
476.755266,783.491826,119.982999
476.755266,803.575814,127.399338
476.755266,823.659801,126.154655
476.755266,843.743789,116.70837
476.755266,863.827776,116.184333
476.755266,883.911764,123.295907
476.755266,903.995751,126.482871
476.755266,924.079739,127.845997
476.755266,944.163726,124.375552
476.755266,964.247714,122.80577
476.755266,984.331702,127.226497
497.066213,20.3003,45.088158
497.066213,40.384287,53.448019
497.066213,60.468275,66.055537
497.066213,80.552262,69.463373
497.066213,100.63625,62.729741
497.066213,120.720237,46.473372
497.066213,140.804225,41.978905
497.066213,160.888212,50.93209
497.066213,180.9722,58.714247
497.066213,201.056187,72.392546
497.066213,221.140175,82.39559
497.066213,241.224163,83.764652
497.066213,261.30815,80.109094
497.066213,281.392138,78.396971
497.066213,301.476125,71.209407
497.066213,321.560113,58.684847
497.066213,341.6441,55.172182
497.066213,361.728088,55.63727
497.066213,381.812075,69.771891
497.066213,401.896063,85.029679
497.066213,421.98005,96.058397
497.066213,442.064038,102.659837
497.066213,462.148025,103.724347
497.066213,482.232013,113.640822
497.066213,502.316001,123.559411
497.066213,522.399988,131.291028
497.066213,542.483976,140.269746
497.066213,562.567963,140.95635
497.066213,582.651951,137.018186
497.066213,602.735938,135.614808
497.066213,622.819926,129.087579
497.066213,642.903913,116.292967
497.066213,662.987901,121.936249
497.066213,683.071888,139.888215
497.066213,703.155876,153.518923
497.066213,723.239863,161.585459
497.066213,743.323851,141.917777
497.066213,763.407839,118.96429
497.066213,783.491826,113.570183
497.066213,803.575814,113.804584
497.066213,823.659801,113.628282
497.066213,843.743789,108.167999
497.066213,863.827776,109.597368
497.066213,883.911764,115.008266
497.066213,903.995751,112.961967
497.066213,924.079739,117.60261
497.066213,944.163726,124.940597
497.066213,964.247714,128.644738
497.066213,984.331702,134.526965
517.37716,20.3003,38.745362
517.37716,40.384287,51.181519
517.37716,60.468275,61.240478
517.37716,80.552262,62.029665
517.37716,100.63625,57.929354
517.37716,120.720237,44.160638
517.37716,140.804225,38.983403
517.37716,160.888212,49.239204
517.37716,180.9722,55.515482
517.37716,201.056187,67.33148
517.37716,221.140175,77.711515
517.37716,241.224163,72.332057
517.37716,261.30815,66.684512
517.37716,281.392138,65.105114
517.37716,301.476125,63.865602
517.37716,321.560113,54.607336
517.37716,341.6441,50.091494
517.37716,361.728088,59.443947
517.37716,381.812075,74.638466
517.37716,401.896063,86.153718
517.37716,421.98005,93.216882
517.37716,442.064038,94.617743
517.37716,462.148025,95.372271
517.37716,482.232013,101.741677
517.37716,502.316001,111.79914
517.37716,522.399988,127.474332
517.37716,542.483976,129.098041
517.37716,562.567963,121.915379
517.37716,582.651951,124.702486
517.37716,602.735938,124.248594
517.37716,622.819926,115.463085
517.37716,642.903913,108.741081
517.37716,662.987901,128.653913
517.37716,683.071888,150.41033
517.37716,703.155876,163.407374
517.37716,723.239863,155.978106
517.37716,743.323851,130.824631
517.37716,763.407839,119.357368
517.37716,783.491826,108.924499
517.37716,803.575814,103.90027
517.37716,823.659801,109.902343
517.37716,843.743789,111.23614
517.37716,863.827776,115.175887
517.37716,883.911764,121.493441
517.37716,903.995751,125.429581
517.37716,924.079739,127.871015
517.37716,944.163726,134.511955
517.37716,964.247714,133.411882
517.37716,984.331702,130.903691
537.688107,20.3003,37.609101
537.688107,40.384287,52.313427
537.688107,60.468275,59.697636
537.688107,80.552262,58.95723
537.688107,100.63625,53.174438
537.688107,120.720237,34.292536
537.688107,140.804225,31.74073
537.688107,160.888212,51.821693
537.688107,180.9722,64.477581
537.688107,201.056187,73.041692
537.688107,221.140175,75.785803
537.688107,241.224163,61.840339
537.688107,261.30815,54.068122
537.688107,281.392138,55.006143
537.688107,301.476125,54.730772
537.688107,321.560113,48.897387
537.688107,341.6441,45.618288
537.688107,361.728088,49.973271
537.688107,381.812075,68.166361
537.688107,401.896063,83.082294
537.688107,421.98005,85.231907
537.688107,442.064038,90.134027
537.688107,462.148025,91.075111
537.688107,482.232013,96.870165
537.688107,502.316001,111.322595
537.688107,522.399988,119.438794
537.688107,542.483976,111.963235
537.688107,562.567963,106.140044
537.688107,582.651951,109.164598
537.688107,602.735938,111.680057
537.688107,622.819926,109.928346
537.688107,642.903913,116.342395
537.688107,662.987901,141.398578
537.688107,683.071888,154.42922
537.688107,703.155876,150.135381
537.688107,723.239863,141.377529
537.688107,743.323851,128.250801
537.688107,763.407839,108.418964
537.688107,783.491826,99.551223
537.688107,803.575814,109.935424
537.688107,823.659801,124.264183
537.688107,843.743789,128.342222
537.688107,863.827776,126.638101
537.688107,883.911764,139.668711
537.688107,903.995751,145.606398
537.688107,924.079739,140.563444
537.688107,944.163726,147.316987
537.688107,964.247714,146.907533
537.688107,984.331702,145.296687
557.999054,20.3003,33.87161
557.999054,40.384287,42.232043
557.999054,60.468275,38.021964
557.999054,80.552262,48.656469
557.999054,100.63625,53.718908
557.999054,120.720237,36.476068
557.999054,140.804225,31.408209
557.999054,160.888212,45.141159
557.999054,180.9722,57.796953
557.999054,201.056187,67.298827
557.999054,221.140175,71.307393
557.999054,241.224163,60.814782
557.999054,261.30815,48.185165
557.999054,281.392138,40.547356
557.999054,301.476125,39.149276
557.999054,321.560113,37.84902
557.999054,341.6441,42.130168
557.999054,361.728088,54.359963
557.999054,381.812075,70.813582
557.999054,401.896063,77.514717
557.999054,421.98005,71.965813
557.999054,442.064038,81.776737
557.999054,462.148025,95.882121
557.999054,482.232013,93.463968
557.999054,502.316001,91.035752
557.999054,522.399988,98.897912
557.999054,542.483976,102.998795
557.999054,562.567963,108.65329
557.999054,582.651951,110.332242
557.999054,602.735938,110.624376
557.999054,622.819926,117.946452
557.999054,642.903913,122.746324
557.999054,662.987901,134.95903
557.999054,683.071888,137.293441
557.999054,703.155876,129.099601
557.999054,723.239863,125.304179
557.999054,743.323851,116.256203
557.999054,763.407839,102.821421
557.999054,783.491826,101.338052
557.999054,803.575814,116.956997
557.999054,823.659801,136.390499
557.999054,843.743789,142.44331
557.999054,863.827776,139.423044
557.999054,883.911764,148.226257
557.999054,903.995751,155.855356
557.999054,924.079739,154.069732
557.999054,944.163726,155.456874
557.999054,964.247714,158.036074
557.999054,984.331702,161.276449
578.310001,20.3003,25.24431
578.310001,40.384287,31.28633
578.310001,60.468275,32.852389
578.310001,80.552262,44.224093
578.310001,100.63625,48.935189
578.310001,120.720237,35.197981
578.310001,140.804225,27.884451
578.310001,160.888212,32.692532
578.310001,180.9722,43.989819
578.310001,201.056187,54.683366
578.310001,221.140175,59.534876
578.310001,241.224163,57.837942
578.310001,261.30815,41.564261
578.310001,281.392138,36.437538
578.310001,301.476125,39.187792
578.310001,321.560113,37.48991
578.310001,341.6441,39.554392
578.310001,361.728088,46.445916
578.310001,381.812075,58.62151
578.310001,401.896063,66.489865
578.310001,421.98005,69.026297
578.310001,442.064038,81.437544
578.310001,462.148025,86.419417
578.310001,482.232013,75.060045
578.310001,502.316001,75.221817
578.310001,522.399988,93.347103
578.310001,542.483976,107.74306
578.310001,562.567963,109.562648
578.310001,582.651951,108.334253
578.310001,602.735938,102.948403
578.310001,622.819926,105.363874
578.310001,642.903913,105.059876
578.310001,662.987901,106.322037
578.310001,683.071888,121.914085
578.310001,703.155876,121.285279
578.310001,723.239863,110.950556
578.310001,743.323851,103.082326
578.310001,763.407839,93.333802
578.310001,783.491826,99.117302
578.310001,803.575814,119.170264
578.310001,823.659801,139.939161
578.310001,843.743789,144.258182
578.310001,863.827776,140.822288
578.310001,883.911764,144.970999
578.310001,903.995751,147.37503
578.310001,924.079739,150.044821
578.310001,944.163726,148.403444
578.310001,964.247714,148.821316
578.310001,984.331702,153.02026
598.620948,20.3003,16.647693
598.620948,40.384287,23.475666
598.620948,60.468275,31.076336
598.620948,80.552262,44.075995
598.620948,100.63625,42.879092
598.620948,120.720237,27.027247
598.620948,140.804225,20.091936
598.620948,160.888212,23.593297
598.620948,180.9722,32.859913
598.620948,201.056187,39.918265
598.620948,221.140175,49.232472
598.620948,241.224163,51.227775
598.620948,261.30815,34.298501
598.620948,281.392138,38.951927
598.620948,301.476125,50.348427
598.620948,321.560113,47.552497
598.620948,341.6441,42.292252
598.620948,361.728088,38.833539
598.620948,381.812075,43.410966
598.620948,401.896063,50.35929
598.620948,421.98005,56.506616
598.620948,442.064038,66.950295
598.620948,462.148025,66.187014
598.620948,482.232013,65.36725
598.620948,502.316001,79.283296
598.620948,522.399988,92.896578
598.620948,542.483976,95.014916
598.620948,562.567963,93.251084
598.620948,582.651951,92.687075
598.620948,602.735938,85.483996
598.620948,622.819926,88.225409
598.620948,642.903913,88.397709
598.620948,662.987901,98.038522
598.620948,683.071888,116.365433
598.620948,703.155876,114.613494
598.620948,723.239863,99.747708
598.620948,743.323851,91.826556
598.620948,763.407839,95.421143
598.620948,783.491826,102.012019
598.620948,803.575814,113.932071
598.620948,823.659801,127.611883
598.620948,843.743789,133.74257
598.620948,863.827776,136.397806
598.620948,883.911764,139.945772
598.620948,903.995751,143.683659
598.620948,924.079739,146.449447
598.620948,944.163726,136.357617
598.620948,964.247714,140.543298
598.620948,984.331702,145.404889
618.931895,20.3003,15.902757
618.931895,40.384287,17.041056
618.931895,60.468275,26.158611
618.931895,80.552262,41.132476
618.931895,100.63625,38.297786
618.931895,120.720237,20.764582
618.931895,140.804225,21.764867
618.931895,160.888212,33.231592
618.931895,180.9722,30.150506
618.931895,201.056187,26.006538
618.931895,221.140175,34.371927
618.931895,241.224163,36.042542
618.931895,261.30815,33.596282
618.931895,281.392138,43.421814
618.931895,301.476125,58.513924
618.931895,321.560113,61.045444
618.931895,341.6441,52.695175
618.931895,361.728088,45.198121
618.931895,381.812075,43.556736
618.931895,401.896063,47.109386
618.931895,421.98005,47.869444
618.931895,442.064038,51.6315
618.931895,462.148025,49.79136
618.931895,482.232013,57.900447
618.931895,502.316001,72.682304
618.931895,522.399988,73.36832
618.931895,542.483976,72.640182
618.931895,562.567963,76.282069
618.931895,582.651951,78.827573
618.931895,602.735938,79.53765
618.931895,622.819926,78.555294
618.931895,642.903913,76.12885
618.931895,662.987901,93.345879
618.931895,683.071888,110.073839
618.931895,703.155876,103.172492
618.931895,723.239863,90.006176
618.931895,743.323851,88.84938
618.931895,763.407839,100.276821
618.931895,783.491826,109.137537
618.931895,803.575814,119.315844
618.931895,823.659801,132.689841
618.931895,843.743789,141.293211
618.931895,863.827776,142.522612
618.931895,883.911764,141.792802
618.931895,903.995751,141.896639
618.931895,924.079739,138.831221
618.931895,944.163726,133.35578
618.931895,964.247714,135.702787
618.931895,984.331702,137.517984
639.242842,20.3003,24.054296
639.242842,40.384287,14.993802
639.242842,60.468275,22.416278
639.242842,80.552262,33.713917
639.242842,100.63625,26.648391
639.242842,120.720237,17.814693
639.242842,140.804225,26.722145
639.242842,160.888212,43.414522
639.242842,180.9722,42.162017
639.242842,201.056187,26.881061
639.242842,221.140175,25.835191
639.242842,241.224163,31.489458
639.242842,261.30815,39.967157
639.242842,281.392138,49.252191
639.242842,301.476125,64.367491
639.242842,321.560113,67.448432
639.242842,341.6441,54.332384
639.242842,361.728088,49.561598
639.242842,381.812075,53.36836
639.242842,401.896063,65.573776
639.242842,421.98005,58.655253
639.242842,442.064038,59.119163
639.242842,462.148025,60.358118
639.242842,482.232013,53.054273
639.242842,502.316001,57.312634
639.242842,522.399988,59.711858
639.242842,542.483976,60.989108
639.242842,562.567963,64.589976
639.242842,582.651951,66.180605
639.242842,602.735938,70.536491
639.242842,622.819926,70.612845
639.242842,642.903913,70.034531
639.242842,662.987901,77.042374
639.242842,683.071888,88.92636
639.242842,703.155876,87.805291
639.242842,723.239863,80.707649
639.242842,743.323851,91.683259
639.242842,763.407839,102.291891
639.242842,783.491826,105.518053
639.242842,803.575814,122.066091
639.242842,823.659801,143.376571
639.242842,843.743789,143.780483
639.242842,863.827776,131.989819
639.242842,883.911764,126.444038
639.242842,903.995751,124.078974
639.242842,924.079739,122.544574
639.242842,944.163726,125.492751
639.242842,964.247714,128.160445
639.242842,984.331702,128.761567
659.553789,20.3003,27.780653
659.553789,40.384287,15.382377
659.553789,60.468275,14.354834
659.553789,80.552262,18.631623
659.553789,100.63625,20.542243
659.553789,120.720237,22.633593
659.553789,140.804225,27.301716
659.553789,160.888212,38.495829
659.553789,180.9722,49.239354
659.553789,201.056187,47.312147
659.553789,221.140175,39.321948
659.553789,241.224163,43.575173
659.553789,261.30815,56.97349
659.553789,281.392138,59.46085
659.553789,301.476125,66.989394
659.553789,321.560113,71.846295
659.553789,341.6441,59.533915
659.553789,361.728088,55.215006
659.553789,381.812075,62.216833
659.553789,401.896063,75.398207
659.553789,421.98005,66.619574
659.553789,442.064038,71.430234
659.553789,462.148025,79.640176
659.553789,482.232013,66.378807
659.553789,502.316001,64.347059
659.553789,522.399988,67.254154
659.553789,542.483976,70.291505
659.553789,562.567963,73.886317
659.553789,582.651951,77.273246
659.553789,602.735938,82.21106
659.553789,622.819926,81.568071
659.553789,642.903913,81.834177
659.553789,662.987901,77.556861
659.553789,683.071888,75.014564
659.553789,703.155876,77.725384
659.553789,723.239863,81.770795
659.553789,743.323851,88.632069
659.553789,763.407839,97.796945
659.553789,783.491826,102.690203
659.553789,803.575814,118.658635
659.553789,823.659801,132.531517
659.553789,843.743789,128.446311
659.553789,863.827776,121.091874
659.553789,883.911764,116.327783
659.553789,903.995751,118.046659
659.553789,924.079739,118.717594
659.553789,944.163726,119.86699
659.553789,964.247714,126.787909
659.553789,984.331702,131.232521
679.864736,20.3003,27.809973
679.864736,40.384287,24.39178
679.864736,60.468275,20.922298
679.864736,80.552262,18.30256
679.864736,100.63625,25.203834
679.864736,120.720237,27.317749
679.864736,140.804225,28.066756
679.864736,160.888212,28.342316
679.864736,180.9722,43.176825
679.864736,201.056187,54.476996
679.864736,221.140175,55.451206
679.864736,241.224163,61.870992
679.864736,261.30815,69.152781
679.864736,281.392138,72.520123
679.864736,301.476125,77.034401
679.864736,321.560113,74.777851
679.864736,341.6441,62.654671
679.864736,361.728088,63.682518
679.864736,381.812075,78.823641
679.864736,401.896063,87.771453
679.864736,421.98005,77.697114
679.864736,442.064038,85.649642
679.864736,462.148025,92.473041
679.864736,482.232013,75.36738
679.864736,502.316001,70.404147
679.864736,522.399988,79.437032
679.864736,542.483976,94.566908
679.864736,562.567963,91.132281
679.864736,582.651951,89.379139
679.864736,602.735938,98.183638
679.864736,622.819926,99.351702
679.864736,642.903913,102.966555
679.864736,662.987901,95.836642
679.864736,683.071888,87.720843
679.864736,703.155876,98.119939
679.864736,723.239863,100.003198
679.864736,743.323851,89.396106
679.864736,763.407839,89.981389
679.864736,783.491826,96.810218
679.864736,803.575814,105.409032
679.864736,823.659801,114.750636
679.864736,843.743789,113.467811
679.864736,863.827776,107.119292
679.864736,883.911764,111.543025
679.864736,903.995751,121.177095
679.864736,924.079739,127.624966
679.864736,944.163726,131.797852
679.864736,964.247714,133.65672
679.864736,984.331702,136.443347
700.175683,20.3003,32.362789
700.175683,40.384287,37.182297
700.175683,60.468275,31.490224
700.175683,80.552262,20.652982
700.175683,100.63625,31.102079
700.175683,120.720237,35.944252
700.175683,140.804225,33.985632
700.175683,160.888212,28.560569
700.175683,180.9722,34.773139
700.175683,201.056187,47.073327
700.175683,221.140175,53.970686
700.175683,241.224163,63.01759
700.175683,261.30815,68.475576
700.175683,281.392138,78.445583
700.175683,301.476125,84.543687
700.175683,321.560113,76.152785
700.175683,341.6441,68.191603
700.175683,361.728088,75.538039
700.175683,381.812075,90.819775
700.175683,401.896063,96.0567
700.175683,421.98005,85.678289
700.175683,442.064038,97.227823
700.175683,462.148025,102.495446
700.175683,482.232013,81.87552
700.175683,502.316001,75.088717
700.175683,522.399988,93.180568
700.175683,542.483976,111.104522
700.175683,562.567963,100.104797
700.175683,582.651951,91.137611
700.175683,602.735938,103.280622
700.175683,622.819926,117.549502
700.175683,642.903913,119.77947
700.175683,662.987901,100.502995
700.175683,683.071888,95.205757
700.175683,703.155876,113.200243
700.175683,723.239863,119.625858
700.175683,743.323851,104.080753
700.175683,763.407839,94.203281
700.175683,783.491826,92.543811
700.175683,803.575814,92.12704
700.175683,823.659801,99.068916
700.175683,843.743789,105.674537
700.175683,863.827776,110.556772
700.175683,883.911764,124.845917
700.175683,903.995751,135.534883
700.175683,924.079739,137.305739
700.175683,944.163726,141.377136
700.175683,964.247714,138.437394
700.175683,984.331702,138.25868
720.48663,20.3003,44.168759
720.48663,40.384287,47.40647
720.48663,60.468275,33.70276
720.48663,80.552262,21.36422
720.48663,100.63625,23.385057
720.48663,120.720237,29.871974
720.48663,140.804225,40.298477
720.48663,160.888212,37.916354
720.48663,180.9722,32.374583
720.48663,201.056187,33.577181
720.48663,221.140175,36.307591
720.48663,241.224163,42.084908
720.48663,261.30815,49.980727
720.48663,281.392138,67.865709
720.48663,301.476125,78.176948
720.48663,321.560113,81.961387
720.48663,341.6441,86.212545
720.48663,361.728088,92.606362
720.48663,381.812075,105.755656
720.48663,401.896063,106.520562
720.48663,421.98005,100.233505
720.48663,442.064038,110.234457
720.48663,462.148025,112.478456
720.48663,482.232013,94.351343
720.48663,502.316001,86.141638
720.48663,522.399988,105.234045
720.48663,542.483976,116.867707
720.48663,562.567963,105.906843
720.48663,582.651951,101.078725
720.48663,602.735938,112.577509
720.48663,622.819926,129.71634
720.48663,642.903913,122.084146
720.48663,662.987901,101.817837
720.48663,683.071888,107.620899
720.48663,703.155876,124.887339
720.48663,723.239863,131.815325
720.48663,743.323851,117.655654
720.48663,763.407839,107.1785
720.48663,783.491826,99.095136
720.48663,803.575814,92.847464
720.48663,823.659801,103.793465
720.48663,843.743789,115.888202
720.48663,863.827776,123.831233
720.48663,883.911764,136.744432
720.48663,903.995751,145.253613
720.48663,924.079739,146.603878
720.48663,944.163726,151.844128
720.48663,964.247714,151.052691
720.48663,984.331702,145.63001
740.797577,20.3003,56.795811
740.797577,40.384287,53.060805
740.797577,60.468275,37.77357
740.797577,80.552262,30.452262
740.797577,100.63625,21.233771
740.797577,120.720237,22.007959
740.797577,140.804225,40.482659
740.797577,160.888212,47.366367
740.797577,180.9722,40.154185
740.797577,201.056187,38.276368
740.797577,221.140175,37.359463
740.797577,241.224163,38.944731
740.797577,261.30815,42.725432
740.797577,281.392138,50.282602
740.797577,301.476125,65.526467
740.797577,321.560113,75.670864
740.797577,341.6441,79.145897
740.797577,361.728088,94.254963
740.797577,381.812075,111.838888
740.797577,401.896063,114.801072
740.797577,421.98005,115.564265
740.797577,442.064038,120.1567
740.797577,462.148025,117.49939
740.797577,482.232013,104.443546
740.797577,502.316001,101.317136
740.797577,522.399988,115.867523
740.797577,542.483976,129.438976
740.797577,562.567963,122.009116
740.797577,582.651951,114.783786
740.797577,602.735938,128.770329
740.797577,622.819926,136.390357
740.797577,642.903913,123.891938
740.797577,662.987901,120.455257
740.797577,683.071888,124.094148
740.797577,703.155876,133.577713
740.797577,723.239863,140.782266
740.797577,743.323851,134.200276
740.797577,763.407839,124.70241
740.797577,783.491826,108.089921
740.797577,803.575814,95.279589
740.797577,823.659801,108.78621
740.797577,843.743789,127.591782
740.797577,863.827776,129.9034
740.797577,883.911764,137.050168
740.797577,903.995751,142.572627
740.797577,924.079739,151.576624
740.797577,944.163726,159.185507
740.797577,964.247714,158.812911
740.797577,984.331702,152.07819
761.108524,20.3003,61.253707
761.108524,40.384287,50.19266
761.108524,60.468275,36.040224
761.108524,80.552262,40.897392
761.108524,100.63625,32.578756
761.108524,120.720237,25.79664
761.108524,140.804225,37.812191
761.108524,160.888212,49.835956
761.108524,180.9722,56.851332
761.108524,201.056187,54.779148
761.108524,221.140175,51.903652
761.108524,241.224163,56.28153
761.108524,261.30815,52.238728
761.108524,281.392138,44.636554
761.108524,301.476125,52.576807
761.108524,321.560113,59.018797
761.108524,341.6441,68.12534
761.108524,361.728088,78.738693
761.108524,381.812075,94.26673
761.108524,401.896063,111.481272
761.108524,421.98005,119.159983
761.108524,442.064038,129.188239
761.108524,462.148025,129.952719
761.108524,482.232013,117.683166
761.108524,502.316001,120.103496
761.108524,522.399988,136.168902
761.108524,542.483976,146.077526
761.108524,562.567963,135.152975
761.108524,582.651951,128.643989
761.108524,602.735938,143.717343
761.108524,622.819926,141.48734
761.108524,642.903913,125.86044
761.108524,662.987901,135.537563
761.108524,683.071888,145.279599
761.108524,703.155876,146.601439
761.108524,723.239863,153.930327
761.108524,743.323851,144.89194
761.108524,763.407839,124.620369
761.108524,783.491826,114.510027
761.108524,803.575814,105.304566
761.108524,823.659801,103.944467
761.108524,843.743789,121.501242
761.108524,863.827776,134.825032
761.108524,883.911764,143.602115
761.108524,903.995751,152.992155
761.108524,924.079739,160.477379
761.108524,944.163726,155.301425
761.108524,964.247714,143.943618
761.108524,984.331702,137.793793
781.419471,20.3003,58.051132
781.419471,40.384287,50.320907
781.419471,60.468275,47.259744
781.419471,80.552262,54.496868
781.419471,100.63625,42.526334
781.419471,120.720237,27.62652
781.419471,140.804225,32.846442
781.419471,160.888212,45.054559
781.419471,180.9722,59.496917
781.419471,201.056187,62.857293
781.419471,221.140175,64.355811
781.419471,241.224163,70.661384
781.419471,261.30815,68.296751
781.419471,281.392138,60.207444
781.419471,301.476125,54.120332
781.419471,321.560113,56.479689
781.419471,341.6441,64.114303
781.419471,361.728088,66.916368
781.419471,381.812075,81.199174
781.419471,401.896063,102.035417
781.419471,421.98005,112.674752
781.419471,442.064038,124.867757
781.419471,462.148025,134.530095
781.419471,482.232013,132.796454
781.419471,502.316001,137.100556
781.419471,522.399988,145.963831
781.419471,542.483976,150.121972
781.419471,562.567963,149.919278
781.419471,582.651951,154.285251
781.419471,602.735938,156.760101
781.419471,622.819926,141.924626
781.419471,642.903913,127.227129
781.419471,662.987901,135.53356
781.419471,683.071888,148.112686
781.419471,703.155876,158.817156
781.419471,723.239863,160.962939
781.419471,743.323851,137.577575
781.419471,763.407839,123.234773
781.419471,783.491826,126.526812
781.419471,803.575814,116.972053
781.419471,823.659801,104.048096
781.419471,843.743789,110.50785
781.419471,863.827776,126.620661
781.419471,883.911764,139.33891
781.419471,903.995751,155.258414
781.419471,924.079739,156.905279
781.419471,944.163726,139.395185
781.419471,964.247714,131.008015
781.419471,984.331702,131.298028
801.730418,20.3003,58.581647
801.730418,40.384287,60.122573
801.730418,60.468275,63.796026
801.730418,80.552262,60.434337
801.730418,100.63625,44.237737
801.730418,120.720237,26.952022
801.730418,140.804225,28.574424
801.730418,160.888212,37.705
801.730418,180.9722,52.298222
801.730418,201.056187,66.373592
801.730418,221.140175,72.814772
801.730418,241.224163,77.974012
801.730418,261.30815,79.701089
801.730418,281.392138,70.924462
801.730418,301.476125,57.13802
801.730418,321.560113,59.467921
801.730418,341.6441,70.400178
801.730418,361.728088,74.401216
801.730418,381.812075,77.415538
801.730418,401.896063,92.045839
801.730418,421.98005,105.77609
801.730418,442.064038,114.80062
801.730418,462.148025,122.470436
801.730418,482.232013,128.118811
801.730418,502.316001,138.493822
801.730418,522.399988,139.346214
801.730418,542.483976,141.608759
801.730418,562.567963,150.712818
801.730418,582.651951,156.460025
801.730418,602.735938,164.633622
801.730418,622.819926,156.898752
801.730418,642.903913,136.530567
801.730418,662.987901,130.939044
801.730418,683.071888,133.975094
801.730418,703.155876,150.682453
801.730418,723.239863,155.92165
801.730418,743.323851,142.175336
801.730418,763.407839,134.658652
801.730418,783.491826,129.147922
801.730418,803.575814,121.531562
801.730418,823.659801,115.713955
801.730418,843.743789,112.93402
801.730418,863.827776,120.649842
801.730418,883.911764,134.582073
801.730418,903.995751,142.792559
801.730418,924.079739,142.768034
801.730418,944.163726,132.511838
801.730418,964.247714,128.686165
801.730418,984.331702,133.970552
822.041365,20.3003,71.609483
822.041365,40.384287,74.1913
822.041365,60.468275,68.84231
822.041365,80.552262,56.078322
822.041365,100.63625,43.326063
822.041365,120.720237,31.752281
822.041365,140.804225,29.63261
822.041365,160.888212,34.303598
822.041365,180.9722,50.492945
822.041365,201.056187,65.122282
822.041365,221.140175,66.475705
822.041365,241.224163,70.732435
822.041365,261.30815,80.591314
822.041365,281.392138,76.333508
822.041365,301.476125,62.306212
822.041365,321.560113,70.219714
822.041365,341.6441,89.729543
822.041365,361.728088,88.826221
822.041365,381.812075,77.220135
822.041365,401.896063,83.535018
822.041365,421.98005,91.892395
822.041365,442.064038,98.231292
822.041365,462.148025,104.933084
822.041365,482.232013,114.083982
822.041365,502.316001,125.126549
822.041365,522.399988,121.577713
822.041365,542.483976,125.172562
822.041365,562.567963,134.505764
822.041365,582.651951,137.057421
822.041365,602.735938,154.728055
822.041365,622.819926,161.525001
822.041365,642.903913,154.012967
822.041365,662.987901,140.575199
822.041365,683.071888,138.256568
822.041365,703.155876,149.289902
822.041365,723.239863,160.272127
822.041365,743.323851,157.343604
822.041365,763.407839,134.248854
822.041365,783.491826,121.442877
822.041365,803.575814,130.987518
822.041365,823.659801,130.221241
822.041365,843.743789,119.884444
822.041365,863.827776,117.243732
822.041365,883.911764,121.882086
822.041365,903.995751,130.70276
822.041365,924.079739,129.701593
822.041365,944.163726,126.207979
822.041365,964.247714,126.440747
822.041365,984.331702,130.772449
842.352312,20.3003,80.404174
842.352312,40.384287,82.934162
842.352312,60.468275,68.829769
842.352312,80.552262,50.735966
842.352312,100.63625,47.04669
842.352312,120.720237,44.530742
842.352312,140.804225,30.577572
842.352312,160.888212,31.306648
842.352312,180.9722,50.165986
842.352312,201.056187,56.331376
842.352312,221.140175,53.276207
842.352312,241.224163,56.502768
842.352312,261.30815,65.664714
842.352312,281.392138,78.882999
842.352312,301.476125,75.796488
842.352312,321.560113,71.368646
842.352312,341.6441,90.061101
842.352312,361.728088,96.828047
842.352312,381.812075,94.638168
842.352312,401.896063,94.82696
842.352312,421.98005,92.555407
842.352312,442.064038,97.163378
842.352312,462.148025,99.655944
842.352312,482.232013,105.109927
842.352312,502.316001,110.670513
842.352312,522.399988,110.555677
842.352312,542.483976,112.162602
842.352312,562.567963,117.260265
842.352312,582.651951,130.922064
842.352312,602.735938,134.916326
842.352312,622.819926,141.654824
842.352312,642.903913,163.796191
842.352312,662.987901,173.058011
842.352312,683.071888,173.775907
842.352312,703.155876,175.663527
842.352312,723.239863,172.676666
842.352312,743.323851,161.92066
842.352312,763.407839,138.070302
842.352312,783.491826,129.628691
842.352312,803.575814,138.740463
842.352312,823.659801,130.688708
842.352312,843.743789,121.683798
842.352312,863.827776,118.049898
842.352312,883.911764,114.89834
842.352312,903.995751,117.162509
842.352312,924.079739,119.741689
842.352312,944.163726,126.252019
842.352312,964.247714,135.398795
842.352312,984.331702,138.990408
862.663259,20.3003,79.538069
862.663259,40.384287,81.131253
862.663259,60.468275,69.38577
862.663259,80.552262,59.021869
862.663259,100.63625,61.503716
862.663259,120.720237,55.572935
862.663259,140.804225,36.465683
862.663259,160.888212,33.347302
862.663259,180.9722,39.573711
862.663259,201.056187,45.819564
862.663259,221.140175,53.836537
862.663259,241.224163,60.094484
862.663259,261.30815,65.046327
862.663259,281.392138,75.405102
862.663259,301.476125,84.582952
862.663259,321.560113,79.051092
862.663259,341.6441,90.774978
862.663259,361.728088,102.544511
862.663259,381.812075,104.863541
862.663259,401.896063,110.762351
862.663259,421.98005,108.997277
862.663259,442.064038,112.804151
862.663259,462.148025,121.394909
862.663259,482.232013,116.58464
862.663259,502.316001,111.548137
862.663259,522.399988,122.415422
862.663259,542.483976,125.100006
862.663259,562.567963,116.325116
862.663259,582.651951,118.157555
862.663259,602.735938,123.8086
862.663259,622.819926,137.838523
862.663259,642.903913,164.430512
862.663259,662.987901,179.77373
862.663259,683.071888,172.288649
862.663259,703.155876,167.356895
862.663259,723.239863,162.995133
862.663259,743.323851,158.887685
862.663259,763.407839,150.345381
862.663259,783.491826,136.766697
862.663259,803.575814,131.712207
862.663259,823.659801,127.632619
862.663259,843.743789,128.152261
862.663259,863.827776,129.425703
862.663259,883.911764,125.055579
862.663259,903.995751,117.991051
862.663259,924.079739,123.325078
862.663259,944.163726,135.871326
862.663259,964.247714,146.445993
862.663259,984.331702,149.807537
882.974206,20.3003,83.393792
882.974206,40.384287,83.022445
882.974206,60.468275,77.543465
882.974206,80.552262,72.334097
882.974206,100.63625,71.773365
882.974206,120.720237,57.947862
882.974206,140.804225,41.873179
882.974206,160.888212,35.10313
882.974206,180.9722,34.836309
882.974206,201.056187,40.704724
882.974206,221.140175,51.290887
882.974206,241.224163,60.035939
882.974206,261.30815,64.926367
882.974206,281.392138,74.65629
882.974206,301.476125,89.253601
882.974206,321.560113,94.242423
882.974206,341.6441,102.58022
882.974206,361.728088,110.039848
882.974206,381.812075,115.450341
882.974206,401.896063,123.525767
882.974206,421.98005,114.969586
882.974206,442.064038,117.353031
882.974206,462.148025,134.731263
882.974206,482.232013,129.870907
882.974206,502.316001,120.826099
882.974206,522.399988,133.036938
882.974206,542.483976,144.621781
882.974206,562.567963,134.978667
882.974206,582.651951,124.348518
882.974206,602.735938,122.771529
882.974206,622.819926,130.439959
882.974206,642.903913,147.146877
882.974206,662.987901,167.889872
882.974206,683.071888,163.850272
882.974206,703.155876,148.887495
882.974206,723.239863,148.221993
882.974206,743.323851,154.816059
882.974206,763.407839,154.379013
882.974206,783.491826,139.322711
882.974206,803.575814,134.372566
882.974206,823.659801,136.50458
882.974206,843.743789,139.295711
882.974206,863.827776,139.918019
882.974206,883.911764,135.388182
882.974206,903.995751,126.294389
882.974206,924.079739,126.044069
882.974206,944.163726,139.586686
882.974206,964.247714,150.471209
882.974206,984.331702,154.743324
903.285153,20.3003,89.03357
903.285153,40.384287,84.375408
903.285153,60.468275,75.203686
903.285153,80.552262,73.240149
903.285153,100.63625,64.471612
903.285153,120.720237,49.047916
903.285153,140.804225,44.342429
903.285153,160.888212,42.088675
903.285153,180.9722,36.313977
903.285153,201.056187,41.260498
903.285153,221.140175,48.870559
903.285153,241.224163,50.615891
903.285153,261.30815,55.276172
903.285153,281.392138,69.358309
903.285153,301.476125,88.439421
903.285153,321.560113,103.974541
903.285153,341.6441,115.275007
903.285153,361.728088,120.552826
903.285153,381.812075,124.952803
903.285153,401.896063,130.17528
903.285153,421.98005,116.624308
903.285153,442.064038,118.915263
903.285153,462.148025,138.523145
903.285153,482.232013,135.109318
903.285153,502.316001,126.627053
903.285153,522.399988,133.813192
903.285153,542.483976,152.617503
903.285153,562.567963,159.555233
903.285153,582.651951,149.02536
903.285153,602.735938,131.669884
903.285153,622.819926,126.228295
903.285153,642.903913,140.319909
903.285153,662.987901,163.540131
903.285153,683.071888,158.37113
903.285153,703.155876,144.457855
903.285153,723.239863,150.954183
903.285153,743.323851,156.602751
903.285153,763.407839,155.610981
903.285153,783.491826,142.64871
903.285153,803.575814,142.003057
903.285153,823.659801,150.589337
903.285153,843.743789,155.958645
903.285153,863.827776,152.739521
903.285153,883.911764,139.662754
903.285153,903.995751,131.812845
903.285153,924.079739,127.362885
903.285153,944.163726,137.42157
903.285153,964.247714,147.568444
903.285153,984.331702,150.739424
923.5961,20.3003,80.550225
923.5961,40.384287,80.220188
923.5961,60.468275,70.282916
923.5961,80.552262,60.993195
923.5961,100.63625,53.84256
923.5961,120.720237,55.468753
923.5961,140.804225,57.309828
923.5961,160.888212,50.17432
923.5961,180.9722,39.822637
923.5961,201.056187,42.897339
923.5961,221.140175,51.84684
923.5961,241.224163,57.1959
923.5961,261.30815,63.662398
923.5961,281.392138,71.889071
923.5961,301.476125,87.88267
923.5961,321.560113,99.164329
923.5961,341.6441,107.349699
923.5961,361.728088,121.069118
923.5961,381.812075,128.526453
923.5961,401.896063,134.295501
923.5961,421.98005,128.637631
923.5961,442.064038,124.036962
923.5961,462.148025,143.163257
923.5961,482.232013,144.590648
923.5961,502.316001,132.697749
923.5961,522.399988,136.471849
923.5961,542.483976,152.376126
923.5961,562.567963,161.844673
923.5961,582.651951,150.125294
923.5961,602.735938,132.709384
923.5961,622.819926,134.760854
923.5961,642.903913,148.143332
923.5961,662.987901,153.778636
923.5961,683.071888,148.510654
923.5961,703.155876,151.529982
923.5961,723.239863,167.548778
923.5961,743.323851,169.149642
923.5961,763.407839,158.183921
923.5961,783.491826,147.09521
923.5961,803.575814,145.613999
923.5961,823.659801,150.899079
923.5961,843.743789,165.357072
923.5961,863.827776,167.865854
923.5961,883.911764,146.086532
923.5961,903.995751,132.587297
923.5961,924.079739,127.481615
923.5961,944.163726,136.046089
923.5961,964.247714,144.578669
923.5961,984.331702,144.207682
943.907047,20.3003,78.475972
943.907047,40.384287,74.945205
943.907047,60.468275,70.425861
943.907047,80.552262,59.386102
943.907047,100.63625,59.580559
943.907047,120.720237,73.314869
943.907047,140.804225,75.189339
943.907047,160.888212,55.235758
943.907047,180.9722,41.231782
943.907047,201.056187,40.180477
943.907047,221.140175,48.135135
943.907047,241.224163,62.589927
943.907047,261.30815,72.478255
943.907047,281.392138,78.238642
943.907047,301.476125,79.511216
943.907047,321.560113,83.681951
943.907047,341.6441,93.60927
943.907047,361.728088,105.812705
943.907047,381.812075,120.785446
943.907047,401.896063,131.629742
943.907047,421.98005,139.576866
943.907047,442.064038,135.423562
943.907047,462.148025,143.462741
943.907047,482.232013,157.579956
943.907047,502.316001,149.136569
943.907047,522.399988,143.269461
943.907047,542.483976,157.521267
943.907047,562.567963,163.936192
943.907047,582.651951,148.203046
943.907047,602.735938,132.733868
943.907047,622.819926,137.368042
943.907047,642.903913,141.873492
943.907047,662.987901,140.814322
943.907047,683.071888,143.552364
943.907047,703.155876,145.654016
943.907047,723.239863,161.682165
943.907047,743.323851,172.232554
943.907047,763.407839,159.746101
943.907047,783.491826,147.482661
943.907047,803.575814,145.158492
943.907047,823.659801,151.605025
943.907047,843.743789,163.973839
943.907047,863.827776,161.32396
943.907047,883.911764,148.945527
943.907047,903.995751,138.46231
943.907047,924.079739,130.375556
943.907047,944.163726,136.933638
943.907047,964.247714,146.2331
943.907047,984.331702,148.154416
964.217994,20.3003,83.512626
964.217994,40.384287,74.316185
964.217994,60.468275,65.120484
964.217994,80.552262,62.609251
964.217994,100.63625,73.310997
964.217994,120.720237,85.977108
964.217994,140.804225,79.829002
964.217994,160.888212,56.979192
964.217994,180.9722,42.795804
964.217994,201.056187,40.4882
964.217994,221.140175,45.472663
964.217994,241.224163,53.246259
964.217994,261.30815,61.250556
964.217994,281.392138,71.574019
964.217994,301.476125,71.001766
964.217994,321.560113,81.714169
964.217994,341.6441,89.312036
964.217994,361.728088,90.655334
964.217994,381.812075,105.699935
964.217994,401.896063,113.888684
964.217994,421.98005,124.453815
964.217994,442.064038,139.471779
964.217994,462.148025,146.924953
964.217994,482.232013,158.553849
964.217994,502.316001,157.944687
964.217994,522.399988,148.746712
964.217994,542.483976,156.777636
964.217994,562.567963,169.182321
964.217994,582.651951,162.125638
964.217994,602.735938,142.30874
964.217994,622.819926,138.08642
964.217994,642.903913,139.82252
964.217994,662.987901,139.814656
964.217994,683.071888,150.735611
964.217994,703.155876,149.13405
964.217994,723.239863,148.236769
964.217994,743.323851,160.570049
964.217994,763.407839,164.904487
964.217994,783.491826,159.848231
964.217994,803.575814,155.397858
964.217994,823.659801,162.617098
964.217994,843.743789,161.121543
964.217994,863.827776,146.577715
964.217994,883.911764,142.998264
964.217994,903.995751,142.130613
964.217994,924.079739,136.265923
964.217994,944.163726,138.465929
964.217994,964.247714,145.633656
964.217994,984.331702,149.372702
